0011100000000000
0011100010000000
0011100010000101
0011100010001001
0011100010001101
0011100010010000
0011100010010001
0011100010010011
0011100010010101
0011100010010110
0011100010011000
0011100010011001
0011100010011001
0011100010011010
0011100010011011
0011100010011100
0011100010011101
0011100010011101
0011100010011110
0011100010011111
0011100010100000
0011100010100000
0011100010100001
0011100010100001
0011100010100001
0011100010100010
0011100010100010
0011100010100011
0011100010100011
0011100010100011
0011100010100100
0011100010100100
0011100010100100
0011100010100101
0011100010100101
0011100010100110
0011100010100110
0011100010100110
0011100010100111
0011100010100111
0011100010101000
0011011110101000
0011011110101000
0011011110101000
0011011110101001
0011011110101001
0011011110101001
0011011110101001
0011011110101001
0011011110101001
0011011110101010
0011011110101010
0011011110101010
0011011110101010
0011011110101010
0011011110101011
0011011110101011
0011011110101011
0011011110101011
0011011110101011
0011011110101100
0011011110101100
0011011110101100
0011011110101100
0011011110101100
0011011110101100
0011011110101101
0011011110101101
0011011110101101
0011011110101101
0011011110101101
0011011110101110
0011011010101110
0011011010101110
0011011010101110
0011011010101110
0011011010101110
0011011010101111
0011011010101111
0011011010101111
0011011010101111
0011011010101111
0011011010101111
0011011010110000
0011011010110000
0011011010110000
0011011010110000
0011011010110000
0011011010110000
0011011010110000
0011011010110000
0011011010110000
0011011010110001
0011010110110001
0011010110110001
0011010110110001
0011010110110001
0011010110110001
0011010110110001
0011010110110001
0011010110110001
0011010110110001
0011010110110001
0011010110110001
0011010110110010
0011010110110010
0011010110110010
0011010110110010
0011010110110010
0011010110110010
0011010010110010
0011010010110010
0011010010110010
0011010010110010
0011010010110010
0011010010110010
0011010010110010
0011010010110011
0011010010110011
0011010010110011
0011010010110011
0011010010110011
0011010010110011
0011010010110011
0011010010110011
0011010010110011
0011001110110011
0011001110110011
0011001110110011
0011001110110011
0011001110110011
0011001110110100
0011001110110100
0011001110110100
0011001110110100
0011001110110100
0011001110110100
0011001110110100
0011001110110100
0011001110110100
0011001010110100
0011001010110100
0011001010110100
0011001010110100
0011001010110100
0011001010110100
0011001010110100
0011001010110101
0011001010110101
0011001010110101
0011001010110101
0011001010110101
0011001010110101
0011000110110101
0011000110110101
0011000110110101
0011000110110101
0011000110110101
0011000110110101
0011000110110101
0011000110110101
0011000110110101
0011000110110101
0011000110110101
0011000110110110
0011000010110110
0011000010110110
0011000010110110
0011000010110110
0011000010110110
0011000010110110
0011000010110110
0011000010110110
0011000010110110
0010111110110110
0010111110110110
0010111110110110
0010111110110110
0010111110110110
0010111110110110
0010111010110110
0010111010110110
0010111010110110
0010111010110110
0010111010110110
0010111010110111
0010110110110111
0010110110110111
0010110110110111
0010110110110111
0010110110110111
0010110010110111
0010110010110111
0010110010110111
0010110010110111
0010110010110111
0010110010110111
0010101110110111
0010101110110111
0010101110110111
0010101110110111
0010101110110111
0010101010110111
0010101010110111
0010101010110111
0010101010110111
0010101010110111
0010100110110111
0010100110110111
0010100110110111
0010100110110111
0010100110110111
0010100110110111
0010100010110111
0010100010110111
0010100010110111
0010100010111000
0010011110111000
0010011110111000
0010011010111000
0010011010111000
0010011010111000
0010010110111000
0010010110111000
0010010010111000
0010010010111000
0010010010111000
0010001110111000
0010001110111000
0010001110111000
0010001010111000
0010001010111000
0010000110111000
0010000110111000
0010000110111000
0010000010111000
0010000010111000
0001111110111000
0001111010111000
0001110110111000
0001110110111000
0001110010111000
0001101110111000
0001101010111000
0001100110111000
0001100110111000
0001100010111000
0001011010111000
0001010110111000
0001001110111000
0001000110111000
0001000010111000
0000110110111000
0000100110111000
0000010110111000
0000000010111000
0000000010111000
1000000010111000
1000010110111000
1000100110111000
1000110110111000
1001000010111000
1001000110111000
1001001110111000
1001010110111000
1001011010111000
1001100010111000
1001100110111000
1001100110111000
1001101010111000
1001101110111000
1001110010111000
1001110110111000
1001110110111000
1001111010111000
1001111110111000
1010000010111000
1010000010111000
1010000110111000
1010000110111000
1010000110111000
1010001010111000
1010001010111000
1010001110111000
1010001110111000
1010001110111000
1010010010111000
1010010010111000
1010010010111000
1010010110111000
1010010110111000
1010011010111000
1010011010111000
1010011010111000
1010011110111000
1010011110111000
1010100010111000
1010100010110111
1010100010110111
1010100010110111
1010100110110111
1010100110110111
1010100110110111
1010100110110111
1010100110110111
1010100110110111
1010101010110111
1010101010110111
1010101010110111
1010101010110111
1010101010110111
1010101110110111
1010101110110111
1010101110110111
1010101110110111
1010101110110111
1010110010110111
1010110010110111
1010110010110111
1010110010110111
1010110010110111
1010110010110111
1010110110110111
1010110110110111
1010110110110111
1010110110110111
1010110110110111
1010111010110111
1010111010110110
1010111010110110
1010111010110110
1010111010110110
1010111010110110
1010111110110110
1010111110110110
1010111110110110
1010111110110110
1010111110110110
1010111110110110
1011000010110110
1011000010110110
1011000010110110
1011000010110110
1011000010110110
1011000010110110
1011000010110110
1011000010110110
1011000010110110
1011000110110110
1011000110110101
1011000110110101
1011000110110101
1011000110110101
1011000110110101
1011000110110101
1011000110110101
1011000110110101
1011000110110101
1011000110110101
1011000110110101
1011001010110101
1011001010110101
1011001010110101
1011001010110101
1011001010110101
1011001010110101
1011001010110100
1011001010110100
1011001010110100
1011001010110100
1011001010110100
1011001010110100
1011001010110100
1011001110110100
1011001110110100
1011001110110100
1011001110110100
1011001110110100
1011001110110100
1011001110110100
1011001110110100
1011001110110100
1011001110110011
1011001110110011
1011001110110011
1011001110110011
1011001110110011
1011010010110011
1011010010110011
1011010010110011
1011010010110011
1011010010110011
1011010010110011
1011010010110011
1011010010110011
1011010010110011
1011010010110010
1011010010110010
1011010010110010
1011010010110010
1011010010110010
1011010010110010
1011010010110010
1011010110110010
1011010110110010
1011010110110010
1011010110110010
1011010110110010
1011010110110010
1011010110110001
1011010110110001
1011010110110001
1011010110110001
1011010110110001
1011010110110001
1011010110110001
1011010110110001
1011010110110001
1011010110110001
1011010110110001
1011011010110001
1011011010110000
1011011010110000
1011011010110000
1011011010110000
1011011010110000
1011011010110000
1011011010110000
1011011010110000
1011011010110000
1011011010101111
1011011010101111
1011011010101111
1011011010101111
1011011010101111
1011011010101111
1011011010101110
1011011010101110
1011011010101110
1011011010101110
1011011010101110
1011011110101110
1011011110101101
1011011110101101
1011011110101101
1011011110101101
1011011110101101
1011011110101100
1011011110101100
1011011110101100
1011011110101100
1011011110101100
1011011110101100
1011011110101011
1011011110101011
1011011110101011
1011011110101011
1011011110101011
1011011110101010
1011011110101010
1011011110101010
1011011110101010
1011011110101010
1011011110101001
1011011110101001
1011011110101001
1011011110101001
1011011110101001
1011011110101001
1011011110101000
1011011110101000
1011011110101000
1011100010101000
1011100010100111
1011100010100111
1011100010100110
1011100010100110
1011100010100110
1011100010100101
1011100010100101
1011100010100100
1011100010100100
1011100010100100
1011100010100011
1011100010100011
1011100010100011
1011100010100010
1011100010100010
1011100010100001
1011100010100001
1011100010100001
1011100010100000
1011100010100000
1011100010011111
1011100010011110
1011100010011101
1011100010011101
1011100010011100
1011100010011011
1011100010011010
1011100010011001
1011100010011001
1011100010011000
1011100010010110
1011100010010101
1011100010010011
1011100010010001
1011100010010000
1011100010001101
1011100010001001
1011100010000101
1011100010000000
0010000000000000
0010000010000000
0010000010000000
0010000010000000
0010000010000000
0010000010000000
0010000010000000
0010000010000000
0010000010000000
0010000010000000
0010000010000000
0010000010000000
0010000010000000
0010000010000000
0010000010000000
0010000010000000
0010000010000000
0010000010000000
0010000010000000
0010000010000000
0010000010000000
0010000010000000
0010000010000000
0010000010000000
0010000010000000
0010000010000000
0010000010000000
0010000010000000
0010000010000000
0010000010000000
0010000010000000
0010000010000000
0010000010000000
0010000010000000
0010000010000000
0010000010000000
0010000010000000
0010000010000000
0010000010000000
0010000010000000
0010000010000000
0010000010000000
0010000010010000
0010000010010000
0010000010010000
0010000010010000
0010000010010000
0010000010010000
0010000010010000
0010000010010000
0010000010010000
0010000010010000
0010000010010000
0010000010010000
0010000010010000
0010000010010000
0010000010010000
0010000010010000
0010000010010000
0010000010010000
0010000010010000
0010000010010000
0010000010010000
0010000010010000
0010000010010000
0010000010010000
0010000010010000
0010000010010000
0010000010010000
0010000010010000
0010000010010000
0010000010010000
0010000010010000
0010000010010000
0010000010010000
0010000010010000
0010000010010000
0010000010010000
0010000010010000
0010000010010000
0010000010010000
0010000010010000
0010000010010000
0010000010010000
0010000010010000
0010000010010000
0010000010010000
0010000010010000
0010000010010000
0010000010010000
0010000010010000
0010000010010000
0010000010010000
0010000010010000
0010000010010000
0010000010010000
0010000010010000
0010000010010000
0010000010010000
0010000010010000
0010000010010000
0010000010010000
0010000010010000
0010000010010000
0010000010010000
0010000010010000
0010000010010000
0010000010010000
0010000010010000
0010000010010000
0010000010010000
0010000010010000
0010000010010000
0010000010010000
0010000010010000
0010000010010000
0010000010010000
0010000010010000
0001000010010000
0001000010010000
0001000010010000
0001000010010000
0001000010010000
0001000010010000
0001000010010000
0001000010010000
0001000010010000
0001000010010000
0001000010010000
0001000010010000
0001000010010000
0001000010010000
0001000010010000
0001000010010000
0001000010010000
0001000010010000
0001000010010000
0001000010010000
0001000010010000
0001000010100000
0001000010100000
0001000010100000
0001000010100000
0001000010100000
0001000010100000
0001000010100000
0001000010100000
0001000010100000
0001000010100000
0001000010100000
0001000010100000
0001000010100000
0001000010100000
0001000010100000
0001000010100000
0001000010100000
0001000010100000
0001000010100000
0001000010100000
0001000010100000
0001000010100000
0001000010100000
0001000010100000
0001000010100000
0001000010100000
0001000010100000
0001000010100000
0001000010100000
0001000010100000
0001000010100000
0001000010100000
0001000010100000
0001000010100000
0001000010100000
0001000010100000
0001000010100000
0001000010100000
0001000010100000
0001000010100000
0001000010100000
0001000010100000
0001000010100000
0001000010100000
0001000010100000
0001000010100000
0001000010100000
0001000010100000
0001000010100000
0001000010100000
0001000010100000
0001000010100000
0001000010100000
0001000010100000
0001000010100000
0001000010100000
0001000010100000
0001000010100000
0001000010100000
0001000010100000
0001000010100000
0001000010100000
0001000010100000
0001000010100000
0001000010100000
0001000010100000
0001000010100000
0001000010100000
0001000010100000
0001000010100000
0001000010100000
0001000010100000
0001000010100000
0001000010100000
0001000010100000
0001000010100000
0000000010100000
0000000010100000
0000000010100000
0000000010100000
0000000010100000
0000000010100000
0000000010100000
0000000010100000
0000000010100000
0000000010100000
0000000010100000
0000000010100000
0000000010100000
0000000010100000
0000000010100000
0000000010100000
0000000010100000
0000000010100000
0000000010100000
0000000010100000
0000000010100000
0000000010100000
0000000010100000
0000000010100000
0000000010100000
0000000010100000
0000000010100000
0000000010100000
0000000010100000
0000000010100000
0000000010100000
0000000010100000
0000000010100000
0000000010100000
0000000010100000
0000000010100000
0000000010100000
0000000010100000
0000000010100000
0000000010100000
0000000010100000
0000000010100000
1000000010100000
1000000010100000
1000000010100000
1000000010100000
1000000010100000
1000000010100000
1000000010100000
1000000010100000
1000000010100000
1000000010100000
1000000010100000
1000000010100000
1000000010100000
1000000010100000
1000000010100000
1000000010100000
1000000010100000
1000000010100000
1000000010100000
1000000010100000
1000000010100000
1000000010100000
1000000010100000
1000000010100000
1000000010100000
1000000010100000
1000000010100000
1000000010100000
1000000010100000
1000000010100000
1000000010100000
1000000010100000
1000000010100000
1000000010100000
1000000010100000
1000000010100000
1000000010100000
1000000010100000
1000000010100000
1000000010100000
1000000010100000
1001000010100000
1001000010100000
1001000010100000
1001000010100000
1001000010100000
1001000010100000
1001000010100000
1001000010100000
1001000010100000
1001000010100000
1001000010100000
1001000010100000
1001000010100000
1001000010100000
1001000010100000
1001000010100000
1001000010100000
1001000010100000
1001000010100000
1001000010100000
1001000010100000
1001000010100000
1001000010100000
1001000010100000
1001000010100000
1001000010100000
1001000010100000
1001000010100000
1001000010100000
1001000010100000
1001000010100000
1001000010100000
1001000010100000
1001000010100000
1001000010100000
1001000010100000
1001000010100000
1001000010100000
1001000010100000
1001000010100000
1001000010100000
1001000010100000
1001000010100000
1001000010100000
1001000010100000
1001000010100000
1001000010100000
1001000010100000
1001000010100000
1001000010100000
1001000010100000
1001000010100000
1001000010100000
1001000010100000
1001000010100000
1001000010100000
1001000010100000
1001000010100000
1001000010100000
1001000010100000
1001000010100000
1001000010100000
1001000010100000
1001000010100000
1001000010100000
1001000010100000
1001000010100000
1001000010100000
1001000010100000
1001000010100000
1001000010100000
1001000010100000
1001000010100000
1001000010100000
1001000010100000
1001000010100000
1001000010010000
1001000010010000
1001000010010000
1001000010010000
1001000010010000
1001000010010000
1001000010010000
1001000010010000
1001000010010000
1001000010010000
1001000010010000
1001000010010000
1001000010010000
1001000010010000
1001000010010000
1001000010010000
1001000010010000
1001000010010000
1001000010010000
1001000010010000
1001000010010000
1010000010010000
1010000010010000
1010000010010000
1010000010010000
1010000010010000
1010000010010000
1010000010010000
1010000010010000
1010000010010000
1010000010010000
1010000010010000
1010000010010000
1010000010010000
1010000010010000
1010000010010000
1010000010010000
1010000010010000
1010000010010000
1010000010010000
1010000010010000
1010000010010000
1010000010010000
1010000010010000
1010000010010000
1010000010010000
1010000010010000
1010000010010000
1010000010010000
1010000010010000
1010000010010000
1010000010010000
1010000010010000
1010000010010000
1010000010010000
1010000010010000
1010000010010000
1010000010010000
1010000010010000
1010000010010000
1010000010010000
1010000010010000
1010000010010000
1010000010010000
1010000010010000
1010000010010000
1010000010010000
1010000010010000
1010000010010000
1010000010010000
1010000010010000
1010000010010000
1010000010010000
1010000010010000
1010000010010000
1010000010010000
1010000010010000
1010000010010000
1010000010010000
1010000010010000
1010000010010000
1010000010010000
1010000010010000
1010000010010000
1010000010010000
1010000010010000
1010000010010000
1010000010010000
1010000010010000
1010000010010000
1010000010010000
1010000010010000
1010000010010000
1010000010010000
1010000010010000
1010000010010000
1010000010010000
1010000010000000
1010000010000000
1010000010000000
1010000010000000
1010000010000000
1010000010000000
1010000010000000
1010000010000000
1010000010000000
1010000010000000
1010000010000000
1010000010000000
1010000010000000
1010000010000000
1010000010000000
1010000010000000
1010000010000000
1010000010000000
1010000010000000
1010000010000000
1010000010000000
1010000010000000
1010000010000000
1010000010000000
1010000010000000
1010000010000000
1010000010000000
1010000010000000
1010000010000000
1010000010000000
1010000010000000
1010000010000000
1010000010000000
1010000010000000
1010000010000000
1010000010000000
1010000010000000
1010000010000000
1010000010000000
1010000010000000
1010000010000000
