0020
0020
0020
0020
0020
0020
0020
0020
0020
0020
0020
0020
0020
0020
0020
0020
00e0
0000
0060
0000
00e0
0000
0060
0000
00e0
0000
0060
0000
00e0
0000
0060
0000
0000
0040
0000
0040
0000
0040
0000
0040
0000
0040
0000
0040
0000
0040
0000
0040
00e0
0056
0060
0065
00e0
00e5
0060
00d6
00e0
00de
0060
00ed
00e0
006d
0060
005e
0000
0000
00ef
0000
0000
0000
00e7
0000
0000
0000
00ef
0000
0000
0000
00e7
0000
0005
00c4
00d0
00cc
000d
004c
0050
0044
0005
00c4
00d0
00cc
000d
004c
0050
0044
0000
00d0
0000
000f
0000
006f
0000
0050
0000
0050
0000
0067
0000
0007
0000
00d0
0030
00b0
0030
00b0
0030
00b0
0030
00b0
0030
00b0
0030
00b0
0030
00b0
0030
00b0
