Mixed-Precision FFT Optimization Results
============================================================

FFT Size: 1024
Population: 30
Generations: 15
Objectives: 3

Pareto Front Solutions: 30

Pareto Front (Objectives):
ID    Power(W)     Area(LUTs)   Perf Error  
--------------------------------------------------
0     0.120000     1059         10.968203   
1     0.120000     1059         10.968203   
2     0.120000     1059         10.968203   
3     0.120000     1059         10.968203   
4     0.120000     1059         10.968203   
5     0.120000     1059         10.968203   
6     0.120000     1059         10.968203   
7     0.120000     1059         10.968203   
8     0.120000     1059         10.968203   
9     0.120000     1059         10.968203   
10    0.120000     1059         10.968203   
11    0.120000     1059         10.968203   
12    0.120000     1059         10.968203   
13    0.120000     1059         10.968203   
14    0.120000     1059         10.968203   
15    0.120000     1059         10.968203   
16    0.120000     1059         10.968203   
17    0.120000     1059         10.968203   
18    0.120000     1059         10.968203   
19    0.120000     1059         10.968203   
20    0.120000     1059         10.968203   
21    0.120000     1059         10.968203   
22    0.120000     1059         10.968203   
23    0.120000     1059         10.968203   
24    0.120000     1059         10.968203   
25    0.120000     1059         10.968203   
26    0.120000     1059         10.968203   
27    0.120000     1059         10.968203   
28    0.120000     1059         10.968203   
29    0.120000     1059         10.968203   


Best Solutions by Objective:
--------------------------------------------------

Best Power:
  Solution ID  : 0
  Power        : 0.120000 W
  Area         : 1059 LUTs
  Perf Error   : 10.968203
  Chromosome   : [0 0 1 0 0 1 1 1 0 0 0 0 1 1 1 1 1 1 0 1]

Best Area:
  Solution ID  : 0
  Power        : 0.120000 W
  Area         : 1059 LUTs
  Perf Error   : 10.968203
  Chromosome   : [0 0 1 0 0 1 1 1 0 0 0 0 1 1 1 1 1 1 0 1]

Best Performance:
  Solution ID  : 0
  Power        : 0.120000 W
  Area         : 1059 LUTs
  Perf Error   : 10.968203
  Chromosome   : [0 0 1 0 0 1 1 1 0 0 0 0 1 1 1 1 1 1 0 1]
